1,2,3,4,5,6
0,70.3270196788112,77.8754364459524,652.583462616543,736.339374799985,742.04913349793
70.3270196788112,0,7.55143613670371,592.833014382786,675.927986678249,681.392584449101
77.8754364459524,7.55143613670371,0,586.684656332505,669.679884387613,675.11321947187
652.583462616543,592.833014382786,586.684656332505,0,84.3095602809637,90.5709916234773
736.339374799985,675.927986678249,669.679884387613,84.3095602809637,0,7.39380272350188
742.04913349793,681.392584449101,675.11321947187,90.5709916234773,7.39380272350188,0
